              precision    recall  f1-score   support

        B-PP       0.00      0.00      0.00         0
        B-NP       0.74      0.23      0.35       151
        I-NP       0.31      0.95      0.46       130
        B-VP       0.91      0.12      0.22        80
           O       0.36      0.03      0.05       148
        I-VP       0.00      0.00      0.00         1
      B-ADVP       0.00      0.00      0.00         0
      B-SBAR       0.00      0.00      0.00         0
      B-ADJP       0.00      0.00      0.00        27
       B-PRT       0.00      0.00      0.00         0
        I-PP       0.00      0.00      0.00         0
      I-ADJP       0.00      0.00      0.00         4
      I-SBAR       0.00      0.00      0.00         0
      I-ADVP       0.00      0.00      0.00         0
     B-CONJP       0.00      0.00      0.00         0
     I-CONJP       0.00      0.00      0.00         0
       B-LST       0.00      0.00      0.00         0
      B-INTJ       0.00      0.00      0.00         0
      I-INTJ       0.00      0.00      0.00         0
       I-PRT       0.00      0.00      0.00         0
       B-UCP       0.00      0.00      0.00         0
       I-UCP       0.00      0.00      0.00         0

   micro avg       0.32      0.32      0.32       541
   macro avg       0.11      0.06      0.05       541
weighted avg       0.52      0.32      0.26       541

